Industrials Average Feature Numbers: 
0.3485446601772486 -0.26708164003177254 -0.06654074464910734 0.31812634353644087 0.20583879848274944 -0.5390332530238735 0.040753792470960476 -0.3069784236488058 0.45786406225246834 -0.22972813315355955 -0.34505517575055805 -0.15995266435862476 -0.35099047411288786 0.26208686173907414 0.11839682180712473 

Health Care Average Feature Numbers: 
0.3225760671203254 -0.22599251131664533 -0.07587314517901386 0.20849956749159781 0.020781973982802363 -0.241901205990036 0.2416651223504202 0.16261077435452445 -0.025183845403008772 -0.7022495560470174 0.06129117723798654 -0.5312794957416834 -0.4348373628053509 0.5135339913616858 0.14003937976953926 

Information Technology Average Feature Numbers: 
0.24560820303325143 -0.21411880173421066 -0.1466726725031289 0.3939708419609815 0.17872063703835012 -0.3083164258061775 0.22054376589782934 0.07105257563692119 0.3521406925682511 -0.4688656304497272 -0.15142448976902026 -0.4570697520726493 -0.3646475970079856 0.5438426102045923 0.020800936022507294 

Utilities Average Feature Numbers: 
0.9451895036867687 0.6801027325647218 0.033242853408280225 -1.9742380966033255 -0.6585905115519252 -0.2287144119452153 -0.713222645755325 -2.100820962871824 -0.7897512228893382 -1.8194522417283483 0.2817236130524959 -0.02510559055164257 1.4028163871594839 -0.03478136705234647 0.48430540017060203 

Financials Average Feature Numbers: 
0.46200155866715836 -0.4593006905976354 -0.37747284343383986 0.6190539981402895 0.31316125086125207 -0.793680769884411 -0.11586514564217343 -0.34537222274743457 1.1789197415551718 0.15019762921420968 -0.7285587458926088 -0.09245929039795608 -0.3528014810016269 -0.16233182542354746 -0.1291035850162563 

Materials Average Feature Numbers: 
0.5255115473270416 0.05924477934837341 0.33566315710544586 0.29595128536224363 0.016736138127744198 -0.318755948767066 0.14058686893433334 -0.09007117360830307 0.25854147590696813 -0.04270495131611824 -0.2589419385790825 -0.36444729797542097 0.002818060368299484 0.7342199218273163 0.02202331690117717 

Consumer Discretionary Average Feature Numbers: 
0.43429410209258396 -0.027113543698630695 0.204332664681022 0.3184856060737123 -0.0979503367534129 -0.1255391430542139 0.23419406148882227 0.08519540569839246 0.08181590853512587 -0.19795047670292357 -0.20199378437939144 -0.4987893520543973 -0.296525914892776 0.8046782758375186 0.005307018318923102 

Real Estate Average Feature Numbers: 
1.1575643465374454 -0.20732127351220697 0.8156725598329847 -1.3100276535207576 -0.8783404048193585 -0.6796629778815039 -0.1985922292806208 -0.4787026978182522 -0.9272839502629006 -0.5866177867759358 0.4879418452354995 0.02865845374198574 -0.49852216108278796 -0.16903058033097873 0.4310908294988401 

Consumer Staples Average Feature Numbers: 
0.45144449349711924 -0.4225271080127534 -0.042287607923807466 -0.6663915414144012 -0.048099413993494475 -0.7643706324126791 -0.16877162878346794 -1.1152721885591745 -0.30841726152335897 -0.854711193810491 -0.0826770500279963 0.16698579550446832 -0.3566166190978359 -0.3407504772219588 0.49157796928878217 

Energy Average Feature Numbers: 
1.0555906109511852 0.9837780671659857 1.4961795611307025 0.37641179794445634 -0.36068576024263166 0.08848061738535762 0.3908987531904131 0.36518710758537054 0.05964019628299866 0.8633842566050589 -0.3840079768560827 -0.8040589261800051 1.064109029714018 1.994030133180786 -0.2592302363482304 

Telecommunication Services Average Feature Numbers: 
0.46602168679237366 -0.18700812757015228 0.021359647313753765 -0.5237899323304495 -0.0695508395632108 -0.46712519228458405 -0.1241616706053416 -1.0078418254852295 -0.2299117942651113 -0.6968328754107157 -0.15057535717884699 0.041887824734052025 -0.07230337460835774 0.11440302928288777 0.42107481757799786 

